## Vectors 

6-element Vector{Float64}:
 -0.67048651
 -0.48869115
 -0.00598736
  2.73944658
  0.63521968
 -1.16209160

6-element Vector{Float64}:
 -0.51839511
  0.08074764
  0.38756497
  0.72764034
  1.85493848
  1.46258770

6-element Vector{Float64}:
 -1.18888162
 -0.40794352
  0.38157762
  3.46708691
  2.49015816
  0.30049610

## Square Matrices 

6×6 Matrix{Float64}:
  0.48365299   0.63283577  -1.09946387  -2.18394162  -0.53471162  -0.51600836
 -0.49077154  -0.81226018   0.60182448   0.67056677  -0.31417798   0.58539749
  1.30550525  -0.67598336  -0.88453344   1.50528498   0.92351583  -0.60293137
  1.36703681   0.69915997   1.62124726  -0.72742176  -1.24659878   0.06215709
  0.82140778   1.47479611   1.18953789  -1.72270820   1.03464134   1.05892146
 -1.05561110  -0.86955655   1.11547713   0.39372175  -0.77335259  -1.24946547

6×6 Matrix{Float64}:
  0.27746512  -0.16446619  -0.36189664  -1.30643441   0.30874650  -1.33969203
 -0.35337932  -1.36332300  -0.11239745  -1.28532170   0.38809381   0.30877402
 -0.01937673   0.24409471  -0.66687603  -0.54015509   1.47355614  -0.33722666
  0.14706983   0.73947658   1.25541478   0.54964440  -1.10076310   0.03660450
  0.13253803   0.30564568  -1.22458848   1.06531070   0.41106072   0.32460692
 -0.35241019   0.21198527  -0.10289799  -0.11050583  -0.96115359  -0.91822089

6×6 Matrix{Float64}:
  0.76111812   0.46836958  -1.46136051  -3.49037603  -0.22596512  -1.85570039
 -0.84415086  -2.17558318   0.48942703  -0.61475493   0.07391582   0.89417151
  1.28612852  -0.43188865  -1.55140946   0.96512988   2.39707197  -0.94015803
  1.51410664   1.43863655   2.87666205  -0.17777736  -2.34736188   0.09876159
  0.95394582   1.78044178  -0.03505059  -0.65739750   1.44570206   1.38352838
 -1.40802129  -0.65757128   1.01257913   0.28321591  -1.73450618  -2.16768636

## Tall Matrices 

8×6 Matrix{Float64}:
  1.08296621  -1.15693759   0.51250627  -1.07999933   1.85441983  -1.09200164
 -0.97120994   0.67402018  -0.49190200  -0.84490363   0.56106083   2.23690644
 -1.52214418   0.78943937   0.57522745   0.22902502  -0.69516317  -1.14309120
 -0.97110261  -0.20038587  -0.04006542  -0.73632515  -1.14536134   2.30845837
  0.09369707   0.94086277   0.07259939  -0.31805667   0.01270436  -1.46275902
 -0.03697442  -0.53818556  -2.61506127  -1.70785768  -1.07001787  -0.50551887
 -0.41502915   1.68434042   0.27218802  -0.37099098  -0.06600737  -0.81613820
  0.04007690   1.14477033   0.50165507   1.10716865  -0.10230745   1.79055929

8×6 Matrix{Float64}:
 -0.85685851   0.45815440   0.30876102  -0.50127910   2.34800565   0.96691840
  0.10868293   0.68458950  -2.18335361   0.14845620   1.34670772   1.53551681
  0.07055421   0.21568432   0.98069607   0.08542247   2.08477884   0.53454310
 -1.03372782  -0.64468798   0.18453432   0.42114790   1.93087498   0.39119004
  0.75898657  -1.24606992  -1.70145108  -2.03128703   0.89819009  -0.16320560
 -1.52092634  -0.15232547  -0.05819128  -0.73933497   1.32552632  -0.39124569
  0.13667965   0.84945142  -0.15818128   0.47552759  -1.18108192  -0.04506618
 -0.02563574   0.66622998  -1.48494586  -0.00856333   0.36268431   1.30430313

8×6 Matrix{Float64}:
  0.22610770  -0.69878319   0.82126729  -1.58127843   4.20242548  -0.12508324
 -0.86252701   1.35860968  -2.67525561  -0.69644743   1.90776856   3.77242325
 -1.45158997   1.00512369   1.55592352   0.31444749   1.38961567  -0.60854810
 -2.00483043  -0.84507385   0.14446890  -0.31517725   0.78551363   2.69964841
  0.85268365  -0.30520715  -1.62885169  -2.34934369   0.91089445  -1.62596461
 -1.55790076  -0.69051103  -2.67325255  -2.44719265   0.25550845  -0.89676457
 -0.27834950   2.53379183   0.11400673   0.10453661  -1.24708929  -0.86120438
  0.01444116   1.81100031  -0.98329079   1.09860532   0.26037686   3.09486242

## Wide Matrices 

4×6 Matrix{Float64}:
 -1.33795269   0.52584340   0.94915135  0.87501156   0.99334451   1.41789842
 -0.88524480   0.63749205  -0.34508355  0.53487193   0.51022779   1.12588328
  0.24746382  -0.62146170  -1.50190664  0.67321675   0.35352543  -0.02511318
 -0.82454555  -1.93484194   2.32558103  0.32244068  -1.19163866   2.08357736

4×6 Matrix{Float64}:
 -0.03418990   0.10381002  0.11707865  0.41584828  -0.57545426   0.38332001
 -1.20609367  -0.15225456  1.98281161  0.17614089  -2.15736682  -0.63557859
  0.21045112  -0.61158399  1.38005857  0.24301283  -0.35753252   1.23523373
  1.44972437  -1.35107135  0.56138535  2.15602066   0.11831424   0.74735118

4×6 Matrix{Float64}:
 -1.37214259   0.62965341   1.06623000  1.29085984   0.41789026  1.80121843
 -2.09133847   0.48523749   1.63772806  0.71101282  -1.64713902  0.49030468
  0.45791494  -1.23304569  -0.12184807  0.91622958  -0.00400709  1.21012055
  0.62517882  -3.28591329   2.88696637  2.47846134  -1.07332442  2.83092853

