# Data for cubic polynomial fitting
21×2 Matrix{Float64}:
 -2.00000000  -1.62857143
 -1.80000000  -0.40114286
 -1.60000000   0.42742857
 -1.40000000   0.90514286
 -1.20000000   1.08000000
 -1.00000000   1.00000000
 -0.80000000   0.71314286
 -0.60000000   0.26742857
 -0.40000000  -0.28914286
 -0.20000000  -0.90857143
  0.00000000  -1.54285714
  0.20000000  -2.14400000
  0.40000000  -2.66400000
  0.60000000  -3.05485714
  0.80000000  -3.26857143
  1.00000000  -3.25714286
  1.20000000  -2.97257143
  1.40000000  -2.36685714
  1.60000000  -1.39200000
  1.80000000   0.00000000
  2.00000000   1.85714286

# Fit parameters
4-element Vector{Float64}:
 -1.54285714
 -3.12857143
  0.41428571
  1.00000000

# Data for linear fitting
21×2 Matrix{Float64}:
 -2.00000000  -1.17092126
 -1.80000000  -1.12181972
 -1.60000000  -1.07271818
 -1.40000000  -1.02361663
 -1.20000000  -0.97451509
 -1.00000000  -0.92541354
 -0.80000000  -0.87631200
 -0.60000000  -0.82721046
 -0.40000000  -0.77810891
 -0.20000000  -0.72900737
  0.00000000  -0.67990583
  0.20000000  -0.63080428
  0.40000000  -0.58170274
  0.60000000  -0.53260119
  0.80000000  -0.48349965
  1.00000000  -0.43439811
  1.20000000  -0.38529656
  1.40000000  -0.33619502
  1.60000000  -0.28709348
  1.80000000  -0.23799193
  2.00000000  -0.18889039

# Fit parameters
2-element Vector{Float64}:
 -0.67990583
  0.24550772