# Matrix A
6×6 Matrix{Float64}:
 -0.96   0.5    0.0    0.0    0.0    0.0
  0.5   -0.96   0.5    0.0    0.0    0.0
  0.0    0.5   -0.96   0.5    0.0    0.0
  0.0    0.0    0.5   -0.96   0.5    0.0
  0.0    0.0    0.0    0.5   -0.96   0.5
  0.0    0.0    0.0    0.0    0.5   -0.96

# Vector b
6-element Vector{Float64}:
  1.1639060686355942
 -0.30392291429230645
 -1.4753795611601563
  0.4480908938513174
  0.7439434401860229
  0.5319838748382805

# Vector A*b
6-element Vector{Float64}:
 -1.2693112830363236
  0.1360292514583331
  1.4884483684932555
 -0.7958853185843313
 -0.224148318233783
 -0.13873279975173775

