## Matrix-Vector 

6×8 Matrix{Float64}:
  1.76669418  -1.12341798  -0.59668776  -0.40999941   0.07934594   0.72668464  -0.63784997  -1.06397679
 -1.46698535  -0.52479028   0.39543425  -0.93734267  -0.58074691  -0.55023551   0.64621524   0.83681682
  0.19269984  -0.28587178  -0.11411741  -0.73886494  -1.12559614  -1.52090630  -1.38946325   0.17746586
  1.36595552  -0.17802837   2.16693007  -1.14412001   1.11501140  -0.33140999   0.12684124   0.33527468
  1.05748694  -0.34488752  -0.71211124  -0.56205493   1.79180795  -0.19696678  -0.39767070  -1.31459747
 -0.94626208   0.54938821   1.26432520  -0.03465241  -0.26548653   0.20966904  -0.14286877  -0.69030103

8-element Vector{Float64}:
  0.57733513
  1.01016450
  1.39932331
  1.91342794
 -0.07935773
 -0.78264529
  1.10622557
  0.46138973

6-element Vector{Float64}:
 -3.50587271
 -1.03957947
 -1.92650106
  1.91771976
 -2.84428820
  1.09198601

## Matrix-Matrix 

6×8 Matrix{Float64}:
 -0.88096999  -0.51687290   0.16147537   0.29393876  -0.02535628  -1.10218098   0.76824010  -0.58394349
 -0.67109698  -0.32651659   0.21046852  -0.32483195  -0.58456357  -0.11597621  -1.42434666   0.32036328
  0.28722433   1.63153397  -0.43949100   0.00326518   1.64699002  -0.57459359  -0.01315066   0.14659438
  2.70058596  -1.16865611  -0.08369372   0.58591053   0.64441564  -0.17733169  -0.30566975  -1.39261624
 -0.28612163   0.73460106   1.83269415  -0.17641786   0.96957090  -1.05480143   1.09194959  -0.81312239
  0.36355953   0.70441185   0.24052006   0.44811267   0.48278157   0.04817147  -1.38114672  -1.32272095

8×7 Matrix{Float64}:
 -0.46070419   0.62798287   1.11213811   1.24515985  -0.96357132  -0.81286089  -0.07657074
 -1.89747364  -0.08208989  -1.28176865  -0.51323322   1.69404871   0.66376110  -0.54353523
 -0.88619648  -0.57177826   1.41811941   0.07749208  -0.01869833  -1.36271163  -1.58687540
  0.77316705  -0.00011300   0.57368899  -0.06500871  -0.77953136   0.85360682   0.23577301
 -1.19296705   0.68896541   1.04748965   1.11667969  -0.95152847  -2.17621668   1.48387138
 -0.97275150  -0.52880642  -0.93416822  -1.44793138   0.09161594  -0.09429991  -0.39480601
 -0.12069619   0.39597194   0.81093844  -0.57783912  -0.52223091   1.61653519   0.53908204
  1.30398734  -0.19768096   0.09440588  -0.63108858  -0.31621454  -0.67667519   0.14206004

6×7 Matrix{Float64}:
  1.71900296   0.38184147   1.65130170   0.65390084  -0.55228167   2.20003324   0.89016830
  1.89091196  -1.48368446  -1.84451310  -0.49459637   1.53093400  -1.47152203  -1.72567220
 -4.04924184   1.70211226  -0.12804642   2.07223074   0.83352192  -2.19931630   2.47390840
 -0.87482902   2.53165590   5.18013989   5.94974157  -5.06656878  -3.29416428   1.36299863
 -4.34529820   0.53104925   4.04769261   1.91236043   0.29106389  -1.62298242  -0.99892617
 -3.55169199   0.05463710  -0.68459033   2.18286741   1.17375123  -2.16600927  -0.92182298

## Vector-Matrix 

8-element Vector{Float64}:
 -0.53722543
 -0.21693794
 -0.76415778
  0.98941467
 -0.74134052
 -1.40636481
 -1.16619858
  0.40138886

1×6 adjoint(::Vector{Float64}) with eltype Float64:
 -1.03738468  1.83653377  -0.39331336  0.72115985  -0.73134323  0.76898335

8×6 Matrix{Float64}:
  0.55730943  -0.98663265   0.21129794  -0.38742541   0.39289618  -0.41311741
  0.22504809  -0.39841385   0.08532459  -0.15644693   0.15865609  -0.16682166
  0.79272558  -1.40340157   0.30055347  -0.55107991   0.55886162  -0.58762461
 -1.02640362   1.81709346  -0.38915001   0.71352614  -0.72360172   0.76084341
  0.76905530  -1.36149690   0.29157913  -0.53462502   0.54217436  -0.57007851
  1.45894131  -2.58283647   0.55314207  -1.01421384   1.02853538  -1.08147112
  1.20979654  -2.14176307   0.45868149  -0.84101559   0.85289143  -0.89678729
 -0.41639466   0.73716420  -0.15787160   0.28946553  -0.29355303   0.30866135

