# Iterations q2_jacobi q2_seidel q3_col1 q3_col2 q3_col3 q3_col4 q3_col5
1   2.641       2.641      0.5961      0.9887      0.7408      0.5030       0.5030  
2   2.327       2.327      0.2777      0.4204      0.7356      0.9777       0.5326  
3   1.786       1.786      0.1757      0.3566      0.4758      0.7613       0.9876  
4   1.252       1.252      0.1393      0.2653      0.4271      0.6214       1.083   
5   0.8454      0.8454     0.1352      0.2446      0.4431      0.5236       1.126   
6   0.5676      0.5676     0.1595      0.2309      0.3860      0.7702       0.9542  
7   0.3804      0.3804     0.2295      0.2166      0.3682      0.7141       0.9440  
8   0.2548      0.2548     0.4093      0.1843      0.2756      0.8256       13.59   
9   0.1707      0.1707     0.9423      0.2173      0.8833      3.824        26.42   
10  0.1143      0.1143     18.82       0.5472      0.7233      6.891        2.897   
11  0.07652     0.07652    0.4813      0.8231      0.9658      117.9        2.906   
12  0.05124     0.05124    0.1587      2.886       0.9090      30.89        4.949   
13  0.03431     0.03431    0.08903     12.11       1.627       7.061        2.775   
14  0.02297     0.02297    0.06516     21.27       0.6897      4.506        1.747   
15  0.01538     0.01538    0.05707     2.805       1.013       2.116        2.166   
16  0.01030     0.01030    0.05827     1.382       0.9069      2.872        1.486   
17  0.006895    0.006895   0.07009     0.9443      246.5       1.920        0.1420  
18  0.004617    0.004617   0.1049      2.025       0.08617     0.5827       0.05570 
19  0.003091    0.003091   0.2260      0.3687      1.353e-25   0.05141      0.001746
20  0.002070    0.002070   2.497e-27   7.889e-27   0.0         3.023e-26    1.096e-26
21  0.001386    0.001386
22  0.0009279   0.0009279
23  0.0006213   0.0006213
24  0.0004160   0.0004160
25  0.0002785   0.0002785
26  0.0001865   0.0001865
27  0.0001249   0.0001249
28  8.361e-05   8.361e-05
29  5.598e-05   5.598e-05
30  3.748e-05   3.748e-05
31  2.510e-05   2.510e-05
32  1.680e-05   1.680e-05
33  1.125e-05   1.125e-05
34  7.534e-06   7.534e-06
35  5.044e-06   5.044e-06
36  3.377e-06   3.377e-06
37  2.261e-06   2.261e-06
38  1.514e-06   1.514e-06
39  1.014e-06   1.014e-06
40  6.788e-07   6.788e-07
