# Question 1

## Matrix A
6x6 matrix (double)
  1.000   	-1.000   	 4.000   	 0.000   	 2.000   	 9.000   	
  0.000   	 5.000   	-2.000   	 7.000   	 8.000   	 4.000   	
  1.000   	 0.000   	 5.000   	 7.000   	 3.000   	-2.000   	
  6.000   	-1.000   	 2.000   	 3.000   	 0.000   	 8.000   	
 -4.000   	 2.000   	 0.000   	 5.000   	-5.000   	 3.000   	
  0.000   	 7.000   	-1.000   	 5.000   	 4.000   	-2.000   	

## Matrix B
6x1 matrix (double)
  19.00   	
  2.000   	
  13.00   	
 -7.000   	
 -9.000   	
  2.000   	

main.c:28 cpl_linalg_gaussjordan(A, X): 0.044 ms (15 allocations, 560 B)

## Solution by Gauss-Jordan
6x1 matrix (double)
 -1.762   	
  0.8962  	
  4.052   	
 -1.617   	
  2.042   	
  0.1518  	

main.c:34 cpl_linalg_lusolve(A, b): 0.027 ms (9 allocations, 400 B)

## Solution by LU decomposition
6-dimensional vector (double)
 -1.762   
  0.8962  
  4.052   
 -1.617   
  2.042   
  0.1518  

# Question 2

## Matrix A
6x6 matrix (double)
  2.000   	-3.000   	 0.000   	 0.000   	 0.000   	 0.000   	
 -1.000   	 4.000   	-1.000   	 0.000   	-1.000   	 0.000   	
  0.000   	-1.000   	 4.000   	 0.000   	 0.000   	-1.000   	
  0.000   	 0.000   	 0.000   	 2.000   	-3.000   	 0.000   	
  0.000   	-1.000   	 0.000   	-1.000   	 4.000   	-1.000   	
  0.000   	 0.000   	-1.000   	 0.000   	-1.000   	 4.000   	

## Matrix B
6x1 matrix (double)
 -1.667   	
  0.6667  	
  3.000   	
 -1.333   	
 -0.3333  	
  1.667   	

main.c:61 cpl_linalg_lusolve(A, x): 0.022 ms (9 allocations, 400 B)

## Solution by LU decomposition
6-dimensional vector (double)
 -0.3333  
  0.3333  
  1.000   
 -0.6667  
  5.401e-17
  0.6667  

main.c:68 cpl_linalg_jacobi(A, B, X, NULL): 0.111 ms (3 allocations, 80 B)

## Solution by Jacobi iteration
6x1 matrix (double)
 -0.3333  	
  0.3333  	
  1.000   	
 -0.6667  	
 -2.492e-07	
  0.6667  	

main.c:75 cpl_linalg_seidel(A, B, X, NULL): 0.097 ms (0 allocations, 0 B)

## Solution by Gauss-Seidel
6x1 matrix (double)
 -0.3333  	
  0.3333  	
  1.000   	
 -0.6667  	
 -2.492e-07	
  0.6667  	

main.c:86 cpl_linalg_jacobi(A, id, A_inv, jac_res): 0.75 ms (23 allocations, 3.594 KiB)

## Inverse by Jacobi iteration
6x6 matrix (double)
  0.9351  	 0.8701  	 0.2597  	 0.2078  	 0.4156  	 0.1688  	
  0.2900  	 0.5801  	 0.1732  	 0.1385  	 0.2771  	 0.1126  	
  0.08658 	 0.1732  	 0.3203  	 0.05628 	 0.1126  	 0.1082  	
  0.2078  	 0.4156  	 0.1688  	 0.9351  	 0.8701  	 0.2597  	
  0.1385  	 0.2771  	 0.1126  	 0.2900  	 0.5801  	 0.1732  	
  0.05628 	 0.1126  	 0.1082  	 0.08658 	 0.1732  	 0.3203  	

Residue versus iterations
40-dimensional vector (double)
  2.641   
  2.327   
  1.786   
  1.252   
  0.8454  
  0.5676  
  0.3804  
  0.2548  
  0.1707  
  0.1143  
  0.07652 
  0.05124 
  0.03431 
  0.02297 
  0.01538 
  0.01030 
  0.006895
  0.004617
  0.003091
  0.002070
  0.001386
  0.0009279
  0.0006213
  0.0004160
  0.0002785
  0.0001865
  0.0001249
  8.361e-05
  5.598e-05
  3.748e-05
  2.510e-05
  1.680e-05
  1.125e-05
  7.534e-06
  5.044e-06
  3.377e-06
  2.261e-06
  1.514e-06
  1.014e-06
  6.788e-07

main.c:97 cpl_linalg_seidel(A, id, A_inv, sed_res): 0.627 ms (20 allocations, 3.281 KiB)

## Inverse by Gauss-Seidel method
6x6 matrix (double)
  0.9351  	 0.8701  	 0.2597  	 0.2078  	 0.4156  	 0.1688  	
  0.2900  	 0.5801  	 0.1732  	 0.1385  	 0.2771  	 0.1126  	
  0.08658 	 0.1732  	 0.3203  	 0.05628 	 0.1126  	 0.1082  	
  0.2078  	 0.4156  	 0.1688  	 0.9351  	 0.8701  	 0.2597  	
  0.1385  	 0.2771  	 0.1126  	 0.2900  	 0.5801  	 0.1732  	
  0.05628 	 0.1126  	 0.1082  	 0.08658 	 0.1732  	 0.3203  	

Residue versus iterations
40-dimensional vector (double)
  2.641   
  2.327   
  1.786   
  1.252   
  0.8454  
  0.5676  
  0.3804  
  0.2548  
  0.1707  
  0.1143  
  0.07652 
  0.05124 
  0.03431 
  0.02297 
  0.01538 
  0.01030 
  0.006895
  0.004617
  0.003091
  0.002070
  0.001386
  0.0009279
  0.0006213
  0.0004160
  0.0002785
  0.0001865
  0.0001249
  8.361e-05
  5.598e-05
  3.748e-05
  2.510e-05
  1.680e-05
  1.125e-05
  7.534e-06
  5.044e-06
  3.377e-06
  2.261e-06
  1.514e-06
  1.014e-06
  6.788e-07

# Question 3

We will find the inverse column-by-column for 3 columns

main.c:137 cpl_linalg_conjgrad_fly(A_fn, e, f, res3): 0.3322 s (43 allocations, 18.77 KiB)

Column 1 of the inverse:
400-dimensional vector (double)
 -0.6459  
 -0.2486  
 -0.1162  
 -0.06468 
 -0.04092 
 -0.02791 
 -0.01963 
 -0.01373 
 -0.009224
 -0.005656
 -0.002826
 -0.0006373
  0.0009633
  0.002014
  0.002558
  0.002646
  0.002347
  0.001742
  0.0009252
 -0.09244 
 -0.2833  
 -0.2126  
 -0.1421  
 -0.09645 
 -0.06780 
 -0.04884 
 -0.03531 
 -0.02498 
 -0.01677 
 -0.01012 
 -0.004786
 -0.0006352
  0.002399
  0.004375
  0.005366
  0.005469
  0.004813
  0.003557
  0.001885
 -0.07901 
 -0.1598  
 -0.1591  
 -0.1320  
 -0.1035  
 -0.07959 
 -0.06045 
 -0.04495 
 -0.03212 
 -0.02140 
 -0.01247 
 -0.005177
  0.0005339
  0.004700
  0.007372
  0.008632
  0.008613
  0.007494
  0.005503
  0.002906
 -0.05750 
 -0.1049  
 -0.1193  
 -0.1127  
 -0.09751 
 -0.08027 
 -0.06360 
 -0.04830 
 -0.03460 
 -0.02254 
 -0.01217 
 -0.003572
  0.003204
  0.008120
  0.01119 
  0.01249 
  0.01217 
  0.01045 
  0.007613
  0.004005
 -0.04146 
 -0.07465 
 -0.09107 
 -0.09297 
 -0.08580 
 -0.07399 
 -0.06027 
 -0.04620 
 -0.03265 
 -0.02017 
 -0.009144
  0.0001429
  0.007480
  0.01274 
  0.01588 
  0.01696 
  0.01615 
  0.01368 
  0.009889
  0.005181
 -0.03038 
 -0.05517 
 -0.07005 
 -0.07487 
 -0.07187 
 -0.06368 
 -0.05248 
 -0.03989 
 -0.02703 
 -0.01474 
 -0.003642
  0.005797
  0.01323 
  0.01845 
  0.02136 
  0.02199 
  0.02049 
  0.01714 
  0.01229 
  0.006414
 -0.02246 
 -0.04119 
 -0.05349 
 -0.05861 
 -0.05737 
 -0.05127 
 -0.04190 
 -0.03065 
 -0.01868 
 -0.006942
  0.003812
  0.01299 
  0.02015 
  0.02500 
  0.02741 
  0.02737 
  0.02505 
  0.02071 
  0.01475 
  0.007668
 -0.01645 
 -0.03036 
 -0.03982 
 -0.04401 
 -0.04314 
 -0.03805 
 -0.02984 
 -0.01967 
 -0.008606
  0.002399
  0.01254 
  0.02116 
  0.02776 
  0.03200 
  0.03371 
  0.03286 
  0.02961 
  0.02424 
  0.01716 
  0.008891
 -0.01168 
 -0.02155 
 -0.02823 
 -0.03096 
 -0.02969 
 -0.02490 
 -0.01736 
 -0.008007
  0.002216
  0.01241 
  0.02178 
  0.02966 
  0.03551 
  0.03897 
  0.03986 
  0.03813 
  0.03393 
  0.02754 
  0.01940 
  0.01002 
 -0.007770
 -0.01423 
 -0.01832 
 -0.01942 
 -0.01739 
 -0.01249 
 -0.005307
  0.003427
  0.01289 
  0.02226 
  0.03078 
  0.03780 
  0.04280 
  0.04541 
  0.04543 
  0.04282 
  0.03771 
  0.03041 
  0.02132 
  0.01098 
 -0.004552
 -0.008131
 -0.009936
 -0.009464
 -0.006556
 -0.001384
  0.005624
  0.01386 
  0.02262 
  0.03117 
  0.03882 
  0.04495 
  0.04907 
  0.05081 
  0.04999 
  0.04657 
  0.04068 
  0.03261 
  0.02278 
  0.01171 
 -0.001942
 -0.003157
 -0.003037
 -0.001186
  0.002534
  0.008002
  0.01488 
  0.02266 
  0.03074 
  0.03849 
  0.04526 
  0.05051 
  0.05377 
  0.05471 
  0.05315 
  0.04907 
  0.04258 
  0.03398 
  0.02366 
  0.01214 
  9.538e-05
  0.0007347
  0.002376
  0.005319
  0.009673
  0.01534 
  0.02204 
  0.02935 
  0.03675 
  0.04369 
  0.04962 
  0.05402 
  0.05650 
  0.05674 
  0.05459 
  0.05003 
  0.04319 
  0.03433 
  0.02385 
  0.01222 
  0.001581
  0.003566
  0.006294
  0.009990
  0.01473 
  0.02041 
  0.02682 
  0.03359 
  0.04029 
  0.04642 
  0.05152 
  0.05515 
  0.05693 
  0.05662 
  0.05408 
  0.04928 
  0.04236 
  0.03357 
  0.02327 
  0.01191 
  0.002536
  0.005368
  0.008743
  0.01282 
  0.01765 
  0.02314 
  0.02910 
  0.03523 
  0.04115 
  0.04647 
  0.05078 
  0.05369 
  0.05491 
  0.05421 
  0.05148 
  0.04671 
  0.04002 
  0.03164 
  0.02189 
  0.01119 
  0.002993
  0.006198
  0.009789
  0.01388 
  0.01849 
  0.02354 
  0.02888 
  0.03424 
  0.03934 
  0.04382 
  0.04736 
  0.04964 
  0.05042 
  0.04950 
  0.04680 
  0.04232 
  0.03616 
  0.02854 
  0.01972 
  0.01007 
  0.003000
  0.006144
  0.009554
  0.01331 
  0.01741 
  0.02179 
  0.02632 
  0.03080 
  0.03498 
  0.03860 
  0.04140 
  0.04313 
  0.04358 
  0.04261 
  0.04015 
  0.03622 
  0.03089 
  0.02434 
  0.01680 
  0.008579
  0.002623
  0.005332
  0.008215
  0.01132 
  0.01465 
  0.01814 
  0.02170 
  0.02518 
  0.02839 
  0.03113 
  0.03321 
  0.03444 
  0.03467 
  0.03380 
  0.03178 
  0.02861 
  0.02436 
  0.01918 
  0.01323 
  0.006751
  0.001950
  0.003919
  0.005995
  0.008207
  0.01055 
  0.01298 
  0.01544 
  0.01781 
  0.01999 
  0.02183 
  0.02320 
  0.02399 
  0.02410 
  0.02345 
  0.02201 
  0.01979 
  0.01683 
  0.01324 
  0.009129
  0.004657
  0.001102
  0.002087
  0.003161
  0.004307
  0.005515
  0.006764
  0.008016
  0.009221
  0.01032 
  0.01124 
  0.01193 
  0.01231 
  0.01235 
  0.01200 
  0.01126 
  0.01011 
  0.008598
  0.006760
  0.004660
  0.002377
  0.0002810

main.c:137 cpl_linalg_conjgrad_fly(A_fn, e, f, res3): 0.3419 s (46 allocations, 40.11 KiB)

Column 2 of the inverse:
400-dimensional vector (double)
 -0.2486  
 -0.7481  
 -0.3001  
 -0.1467  
 -0.08467 
 -0.05458 
 -0.03723 
 -0.02572 
 -0.01731 
 -0.01084 
 -0.005797
 -0.001923
  0.0009112
  0.002796
  0.003813
  0.004061
  0.003654
  0.002734
  0.001458
 -0.07901 
 -0.2266  
 -0.3837  
 -0.2817  
 -0.1903  
 -0.1306  
 -0.09207 
 -0.06565 
 -0.04627 
 -0.03128 
 -0.01940 
 -0.009959
 -0.002653
  0.002700
  0.006234
  0.008092
  0.008450
  0.007531
  0.005604
  0.002980
 -0.08314 
 -0.1768  
 -0.2477  
 -0.2301  
 -0.1869  
 -0.1450  
 -0.1101  
 -0.08179 
 -0.05872 
 -0.03967 
 -0.02395 
 -0.01119 
 -0.001219
  0.006090
  0.01085 
  0.01322 
  0.01344 
  0.01181 
  0.008723
  0.004621
 -0.07005 
 -0.1358  
 -0.1805  
 -0.1857  
 -0.1675  
 -0.1406  
 -0.1126  
 -0.08621 
 -0.06244 
 -0.04154 
 -0.02362 
 -0.008752
  0.002978
  0.01154 
  0.01699 
  0.01945 
  0.01920 
  0.01661 
  0.01216 
  0.006410
 -0.05567 
 -0.1048  
 -0.1384  
 -0.1497  
 -0.1432  
 -0.1263  
 -0.1044  
 -0.08113 
 -0.05830 
 -0.03712 
 -0.01834 
 -0.002477
  0.01010 
  0.01919 
  0.02474 
  0.02684 
  0.02577 
  0.02194 
  0.01591 
  0.008349
 -0.04336 
 -0.08108 
 -0.1076  
 -0.1195  
 -0.1180  
 -0.1067  
 -0.08943 
 -0.06907 
 -0.04784 
 -0.02732 
 -0.008667
  0.007276
  0.01991 
  0.02885 
  0.03395 
  0.03526 
  0.03303 
  0.02772 
  0.01993 
  0.01041 
 -0.03322 
 -0.06207 
 -0.08275 
 -0.09303 
 -0.09307 
 -0.08469 
 -0.07033 
 -0.05236 
 -0.03285 
 -0.01348 
  0.004407
  0.01976 
  0.03181 
  0.04005 
  0.04425 
  0.04439 
  0.04074 
  0.03375 
  0.02407 
  0.01252 
 -0.02478 
 -0.04627 
 -0.06170 
 -0.06940 
 -0.06913 
 -0.06186 
 -0.04920 
 -0.03300 
 -0.01508 
  0.002937
  0.01966 
  0.03396 
  0.04497 
  0.05210 
  0.05504 
  0.05378 
  0.04853 
  0.03977 
  0.02817 
  0.01460 
 -0.01766 
 -0.03283 
 -0.04344 
 -0.04817 
 -0.04668 
 -0.03947 
 -0.02767 
 -0.01273 
  0.003792
  0.02041 
  0.03577 
  0.04873 
  0.05840 
  0.06416 
  0.06565 
  0.06284 
  0.05594 
  0.04543 
  0.03201 
  0.01653 
 -0.01161 
 -0.02133 
 -0.02758 
 -0.02933 
 -0.02620 
 -0.01851 
 -0.007070
  0.006964
  0.02227 
  0.03751 
  0.05142 
  0.06290 
  0.07108 
  0.07534 
  0.07532 
  0.07097 
  0.06250 
  0.05038 
  0.03532 
  0.01819 
 -0.006514
 -0.01159 
 -0.01403 
 -0.01300 
 -0.008197
  0.0001803
  0.01150 
  0.02483 
  0.03904 
  0.05293 
  0.06537 
  0.07534 
  0.08200 
  0.08477 
  0.08329 
  0.07753 
  0.06769 
  0.05425 
  0.03788 
  0.01947 
 -0.002334
 -0.003579
 -0.002811
  0.0005962
  0.006887
  0.01591 
  0.02715 
  0.03984 
  0.05299 
  0.06558 
  0.07657 
  0.08506 
  0.09026 
  0.09165 
  0.08890 
  0.08197 
  0.07108 
  0.05669 
  0.03946 
  0.02024 
  0.0009449
  0.002710
  0.005992
  0.01126 
  0.01869 
  0.02814 
  0.03920 
  0.05118 
  0.06327 
  0.07457 
  0.08416 
  0.09125 
  0.09513 
  0.09533 
  0.09156 
  0.08382 
  0.07229 
  0.05743 
  0.03987 
  0.02042 
  0.003328
  0.007266
  0.01233 
  0.01886 
  0.02697 
  0.03653 
  0.04717 
  0.05832 
  0.06929 
  0.07928 
  0.08754 
  0.09333 
  0.09607 
  0.09534 
  0.09089 
  0.08273 
  0.07105 
  0.05627 
  0.03899 
  0.01994 
  0.004835
  0.01011 
  0.01621 
  0.02337 
  0.03165 
  0.04092 
  0.05086 
  0.06099 
  0.07073 
  0.07940 
  0.08636 
  0.09100 
  0.09281 
  0.09143 
  0.08667 
  0.07854 
  0.06723 
  0.05311 
  0.03674 
  0.01878 
  0.005511
  0.01134 
  0.01774 
  0.02489 
  0.03280 
  0.04135 
  0.05028 
  0.05918 
  0.06757 
  0.07489 
  0.08061 
  0.08422 
  0.08531 
  0.08359 
  0.07890 
  0.07125 
  0.06083 
  0.04796 
  0.03313 
  0.01692 
  0.005431
  0.01107 
  0.01711 
  0.02364 
  0.03068 
  0.03811 
  0.04571 
  0.05316 
  0.06006 
  0.06599 
  0.07051 
  0.07322 
  0.07380 
  0.07202 
  0.06776 
  0.06104 
  0.05201 
  0.04095 
  0.02826 
  0.01442 
  0.004704
  0.009530
  0.01461 
  0.02001 
  0.02572 
  0.03165 
  0.03763 
  0.04342 
  0.04872 
  0.05321 
  0.05657 
  0.05850 
  0.05876 
  0.05717 
  0.05366 
  0.04825 
  0.04105 
  0.03229 
  0.02226 
  0.01136 
  0.003479
  0.006972
  0.01062 
  0.01446 
  0.01848 
  0.02261 
  0.02674 
  0.03070 
  0.03430 
  0.03731 
  0.03954 
  0.04077 
  0.04085 
  0.03967 
  0.03718 
  0.03339 
  0.02838 
  0.02230 
  0.01537 
  0.007839
  0.001960
  0.003704
  0.005586
  0.007576
  0.009650
  0.01177 
  0.01388 
  0.01589 
  0.01771 
  0.01922 
  0.02033 
  0.02093 
  0.02094 
  0.02032 
  0.01902 
  0.01707 
  0.01450 
  0.01139 
  0.007847
  0.004002
  0.0004999

main.c:137 cpl_linalg_conjgrad_fly(A_fn, e, f, res3): 0.3469 s (47 allocations, 63.2 KiB)

Column 3 of the inverse:
400-dimensional vector (double)
 -0.1162  
 -0.3001  
 -0.7760  
 -0.3175  
 -0.1582  
 -0.09230 
 -0.05940 
 -0.03990 
 -0.02673 
 -0.01710 
 -0.009809
 -0.004285
 -0.0002489
  0.002475
  0.004028
  0.004554
  0.004216
  0.003200
  0.001719
 -0.05750 
 -0.1553  
 -0.2842  
 -0.4244  
 -0.3104  
 -0.2104  
 -0.1442  
 -0.1006  
 -0.07026 
 -0.04779 
 -0.03051 
 -0.01706 
 -0.006740
  0.0008343
  0.005923
  0.008761
  0.009608
  0.008771
  0.006611
  0.003538
 -0.07005 
 -0.1510  
 -0.2344  
 -0.2931  
 -0.2644  
 -0.2118  
 -0.1620  
 -0.1206  
 -0.08710 
 -0.05983 
 -0.03765 
 -0.01981 
 -0.005910
  0.004336
  0.01115 
  0.01478 
  0.01558 
  0.01395 
  0.01040 
  0.005540
 -0.06610 
 -0.1321  
 -0.1904  
 -0.2257  
 -0.2211  
 -0.1936  
 -0.1585  
 -0.1232  
 -0.09067 
 -0.06200 
 -0.03742 
 -0.01706 
 -0.0009470
  0.01092 
  0.01866 
  0.02247 
  0.02272 
  0.01992 
  0.01469 
  0.007775
 -0.05697 
 -0.1104  
 -0.1542  
 -0.1802  
 -0.1829  
 -0.1677  
 -0.1424  
 -0.1130  
 -0.08319 
 -0.05510 
 -0.02999 
 -0.008684
  0.008331
  0.02078 
  0.02859 
  0.03192 
  0.03111 
  0.02672 
  0.01948 
  0.01025 
 -0.04682 
 -0.08952 
 -0.1234  
 -0.1437  
 -0.1480  
 -0.1383  
 -0.1190  
 -0.09423 
 -0.06733 
 -0.04079 
 -0.01637 
  0.004679
  0.02151 
  0.03360 
  0.04072 
  0.04294 
  0.04059 
  0.03425 
  0.02470 
  0.01292 
 -0.03703 
 -0.07033 
 -0.09621 
 -0.1116  
 -0.1151  
 -0.1076  
 -0.09160 
 -0.07003 
 -0.04573 
 -0.02111 
  0.001921
  0.02189 
  0.03772 
  0.04870 
  0.05450 
  0.05511 
  0.05082 
  0.04223 
  0.03018 
  0.01571 
 -0.02803 
 -0.05293 
 -0.07183 
 -0.08255 
 -0.08407 
 -0.07683 
 -0.06239 
 -0.04295 
 -0.02081 
  0.001850
  0.02313 
  0.04149 
  0.05574 
  0.06510 
  0.06912 
  0.06775 
  0.06127 
  0.05029 
  0.03566 
  0.01849 
 -0.01991 
 -0.03729 
 -0.04990 
 -0.05608 
 -0.05507 
 -0.04708 
 -0.03321 
 -0.01512 
  0.005271
  0.02604 
  0.04541 
  0.06187 
  0.07421 
  0.08161 
  0.08360 
  0.08009 
  0.07134 
  0.05796 
  0.04085 
  0.02110 
 -0.01272 
 -0.02344 
 -0.03040 
 -0.03233 
 -0.02863 
 -0.01944 
 -0.005587
  0.01161 
  0.03055 
  0.04954 
  0.06697 
  0.08141 
  0.09169 
  0.09701 
  0.09690 
  0.09125 
  0.08033 
  0.06475 
  0.04539 
  0.02338 
 -0.006520
 -0.01147 
 -0.01350 
 -0.01162 
 -0.005384
  0.005088
  0.01914 
  0.03567 
  0.05333 
  0.07065 
  0.08616 
  0.09858 
  0.1068  
  0.1101  
  0.1080  
  0.1004  
  0.08756 
  0.07012 
  0.04895 
  0.02515 
 -0.001362
 -0.001517
  0.0005773
  0.005659
  0.01405 
  0.02564 
  0.03984 
  0.05575 
  0.07220 
  0.08790 
  0.1016  
  0.1120  
  0.1183  
  0.1198  
  0.1159  
  0.1067  
  0.09240 
  0.07363 
  0.05122 
  0.02627 
  0.002698
  0.006310
  0.01162 
  0.01917 
  0.02918 
  0.04151 
  0.05565 
  0.07083 
  0.08603 
  0.1001  
  0.1121  
  0.1207  
  0.1253  
  0.1251  
  0.1199  
  0.1095  
  0.09434 
  0.07487 
  0.05195 
  0.02660 
  0.005628
  0.01193 
  0.01949 
  0.02869 
  0.03966 
  0.05224 
  0.06598 
  0.08021 
  0.09407 
  0.1066  
  0.1168  
  0.1238  
  0.1269  
  0.1255  
  0.1194  
  0.1085  
  0.09301 
  0.07359 
  0.05095 
  0.02605 
  0.007429
  0.01535 
  0.02417 
  0.03415 
  0.04536 
  0.05762 
  0.07055 
  0.08356 
  0.09591 
  0.1068  
  0.1154  
  0.1210  
  0.1229  
  0.1207  
  0.1141  
  0.1032  
  0.08822 
  0.06962 
  0.04812 
  0.02459 
  0.008146
  0.01663 
  0.02575 
  0.03566 
  0.04637 
  0.05773 
  0.06939 
  0.08087 
  0.09155 
  0.1008  
  0.1078  
  0.1121  
  0.1132  
  0.1105  
  0.1041  
  0.09382 
  0.07998 
  0.06300 
  0.04348 
  0.02220 
  0.007870
  0.01596 
  0.02447 
  0.03350 
  0.04303 
  0.05292 
  0.06288 
  0.07251 
  0.08133 
  0.08880 
  0.09438 
  0.09759 
  0.09802 
  0.09537 
  0.08951 
  0.08048 
  0.06848 
  0.05386 
  0.03714 
  0.01895 
  0.006740
  0.01360 
  0.02072 
  0.02816 
  0.03589 
  0.04380 
  0.05165 
  0.05916 
  0.06594 
  0.07161 
  0.07576 
  0.07802 
  0.07810 
  0.07578 
  0.07096 
  0.06369 
  0.05411 
  0.04251 
  0.02929 
  0.01494 
  0.004952
  0.009891
  0.01498 
  0.02027 
  0.02571 
  0.03122 
  0.03665 
  0.04179 
  0.04640 
  0.05022 
  0.05296 
  0.05440 
  0.05433 
  0.05262 
  0.04920 
  0.04410 
  0.03743 
  0.02939 
  0.02024 
  0.01032 
  0.002780
  0.005238
  0.007861
  0.01059 
  0.01340 
  0.01623 
  0.01901 
  0.02162 
  0.02395 
  0.02587 
  0.02724 
  0.02793 
  0.02786 
  0.02695 
  0.02518 
  0.02255 
  0.01913 
  0.01501 
  0.01034 
  0.005269
  0.0007093

Residue versus iterations
218-dimensional vector (double)
  7.435   
  3.897   
  2.185   
  1.567   
  1.219   
  1.162   
  1.216   
  1.529   
  2.102   
  3.406   
  6.182   
  15.32   
  135.4   
  86.06   
  7.877   
  1.340   
  0.4489  
  0.3521  
  0.1427  
  0.06956 
  0.04162 
  0.01979 
  0.01161 
  0.005254
  0.002433
  0.001007
  0.0003868
  0.0002484
  0.0003221
  0.0009291
  0.001387
  0.0005868
  0.0002075
  0.0001870
  0.0002116
  0.0001771
  0.0001422
  7.080e-05
  4.143e-05
  1.895e-05
  1.526e-05
  1.521e-05
  1.257e-05
  9.412e-06
  7.378e-06
  4.393e-06
  2.919e-06
  1.621e-06
  8.267e-07
  3.095e-07
  2.059e-07
  8.094e-08
  3.185e-08
  1.550e-08
  7.532e-09
  2.720e-09
  1.205e-09
  3.924e-10
  1.327e-10
  8.026e-11
  4.587e-11
  3.177e-11
  1.294e-11
  4.553e-12
  2.734e-12
  1.660e-12
  7.599e-13
  6.454   
  3.565   
  1.987   
  1.510   
  1.181   
  1.171   
  1.234   
  1.587   
  2.183   
  3.568   
  6.422   
  16.70   
  230.8   
  51.36   
  5.674   
  1.019   
  0.4473  
  0.3520  
  0.1210  
  0.06709 
  0.03994 
  0.01901 
  0.01170 
  0.005053
  0.002740
  0.001242
  0.0008268
  0.0009731
  0.002021
  0.003914
  0.002047
  0.0007106
  0.0004423
  0.0006083
  0.0005455
  0.0004182
  0.0002480
  0.0001231
  6.989e-05
  4.750e-05
  5.184e-05
  4.391e-05
  3.342e-05
  2.532e-05
  1.430e-05
  8.204e-06
  4.754e-06
  2.723e-06
  1.096e-06
  5.331e-07
  3.063e-07
  1.106e-07
  4.936e-08
  2.511e-08
  1.030e-08
  3.623e-09
  1.449e-09
  4.700e-10
  2.931e-10
  2.236e-10
  1.348e-10
  6.189e-11
  1.843e-11
  9.123e-12
  6.141e-12
  3.615e-12
  2.625e-12
  2.978e-12
  5.389e-12
  6.414e-12
  7.021e-12
  5.326e-12
  4.102e-12
  2.433e-12
  8.061e-13
  7.138   
  4.095   
  2.200   
  1.617   
  1.232   
  1.175   
  1.193   
  1.487   
  1.962   
  3.094   
  5.264   
  11.94   
  71.46   
  133.1   
  8.424   
  1.369   
  0.4724  
  0.3820  
  0.1548  
  0.07612 
  0.04661 
  0.02245 
  0.01390 
  0.006686
  0.003631
  0.002028
  0.001438
  0.001940
  0.003710
  0.006741
  0.003482
  0.001109
  0.0006524
  0.0009794
  0.0008995
  0.0005700
  0.0003659
  0.0001861
  0.0001189
  8.236e-05
  7.746e-05
  7.107e-05
  5.460e-05
  3.693e-05
  2.243e-05
  1.074e-05
  7.033e-06
  3.716e-06
  1.727e-06
  7.010e-07
  4.605e-07
  1.574e-07
  6.698e-08
  3.558e-08
  1.511e-08
  4.950e-09
  2.271e-09
  8.725e-10
  4.923e-10
  4.174e-10
  2.213e-10
  1.073e-10
  3.949e-11
  2.080e-11
  2.210e-11
  2.120e-11
  2.462e-11
  3.713e-11
  6.050e-11
  3.956e-11
  2.265e-11
  1.316e-11
  7.826e-12
  3.563e-12
  1.153e-12
  6.160e-13

